%YAML:1.0
---
cameraMatrix: !!opencv-matrix
   rows: 3
   cols: 3
   dt: d
   data: [ 1.0764466313144537e+03, 0., 9.5265894358139644e+02, 0.,
       1.0794116053714363e+03, 5.3779480470011038e+02, 0., 0., 1. ]
distortionCoefficients: !!opencv-matrix
   rows: 1
   cols: 5
   dt: d
   data: [ 7.7616014747716303e-02, -1.3855629776962330e-01,
       -4.6339777947946448e-04, -1.7562604841341661e-03,
       6.4808445923091415e-02 ]
rotation: !!opencv-matrix
   rows: 3
   cols: 3
   dt: d
   data: [ 1., 0., 0., 0., 1., 0., 0., 0., 1. ]
projection: !!opencv-matrix
   rows: 4
   cols: 4
   dt: d
   data: [ 1.0764466313144537e+03, 0., 9.5265894358139644e+02, 0., 0.,
       1.0794116053714363e+03, 5.3779480470011038e+02, 0., 0., 0., 1.,
       0., 0., 0., 0., 1. ]
