%YAML:1.0
---
rotation: !!opencv-matrix
   rows: 3
   cols: 3
   dt: d
   data: [ 9.9996934550182981e-01, 3.1731017489245728e-03,
       7.1581758802883857e-03, -3.1673152750378115e-03,
       9.9999464819993134e-01, -8.1956417934193264e-04,
       -7.1607381316930408e-03, 7.9686685620628168e-04,
       9.9997404407945656e-01 ]
translation: !!opencv-matrix
   rows: 3
   cols: 1
   dt: d
   data: [ -5.2758068003913430e-02, -1.9141360533505653e-05,
       5.7656832529828974e-03 ]
essential: !!opencv-matrix
   rows: 3
   cols: 3
   dt: d
   data: [ 1.8398802908467186e-05, -5.7656676493146606e-03,
       -1.4415516238296099e-05, 5.3877197995460917e-03,
       6.0336255403580866e-05, 5.2797970394487179e-02,
       1.8624220843498283e-04, -5.2757724915796882e-02,
       4.3375639932580028e-05 ]
fundamental: !!opencv-matrix
   rows: 3
   cols: 3
   dt: d
   data: [ 1.6084050424251575e-08, -5.0416504298915369e-06,
       1.0456134741175483e-03, 4.6969537074016647e-06,
       5.2614675781354883e-08, 1.5542626035313348e-02,
       -2.3660624718234999e-03, -4.4884747608288082e-02,
       9.9999999999999989e-01 ]
