%YAML:1.0
---
cameraMatrix: !!opencv-matrix
   rows: 3
   cols: 3
   dt: d
   data: [ 3.6406786987432582e+02, 0., 2.5632230263056175e+02, 0.,
       3.6396957899834138e+02, 2.0912281341579626e+02, 0., 0., 1. ]
distortionCoefficients: !!opencv-matrix
   rows: 1
   cols: 5
   dt: d
   data: [ 9.3081369464509234e-02, -2.9495695393179744e-01,
       -1.5973671633317365e-03, 2.8241157866768358e-04,
       1.2044601852808037e-01 ]
rotation: !!opencv-matrix
   rows: 3
   cols: 3
   dt: d
   data: [ 1., 0., 0., 0., 1., 0., 0., 0., 1. ]
projection: !!opencv-matrix
   rows: 4
   cols: 4
   dt: d
   data: [ 3.6406786987432582e+02, 0., 2.5632230263056175e+02, 0., 0.,
       3.6396957899834138e+02, 2.0912281341579626e+02, 0., 0., 0., 1.,
       0., 0., 0., 0., 1. ]
