%YAML:1.0
---
depthShift: -1.3862109383881085e+01
